#tag	cores	nPar	nSteps	t1	t	colliderRel
r3547	1	1000	1000	0.027722	0.00113205	0.253564
r3547	1	1000	1000	0.030906	0.00113108	0.256245
r3547	1	1000	1000	0.028097	0.00113005	0.254102
r3547	1	1000	1000	0.028137	0.00112814	0.254958
r3547	1	1000	1000	0.027703	0.00112650	0.255132
r3547	1	8000	1000	0.682657	0.01880541	0.388761
r3547	1	8000	1000	0.681791	0.01870417	0.389567
r3547	1	8000	1000	0.680648	0.01873362	0.388966
r3547	1	8000	1000	0.683238	0.01880748	0.390339
r3547	1	8000	1000	0.682396	0.01874137	0.389467
r3547	1	15625	1000	2.201145	0.05126261	0.500072
r3547	1	15625	1000	2.198710	0.05182462	0.503689
r3547	1	15625	1000	2.190519	0.05193463	0.503527
r3547	1	27000	1000	5.327110	0.11107199	0.544320
r3547	1	27000	1000	5.312836	0.10884722	0.546834
r3547	1	64000	1000	20.060362	0.35567931	0.630258
r3547	1	125000	1000	65.837962	0.94448303	0.685606
r3547	1	216000	1000	161.579493	1.97242203	0.740175
r3547	2	1000	1000	0.026819	0.00074989	0.367584
r3547	2	1000	1000	0.026860	0.00075037	0.364705
r3547	2	1000	1000	0.026729	0.00074782	0.368766
r3547	2	1000	1000	0.026857	0.00074983	0.367063
r3547	2	1000	1000	0.026794	0.00074496	0.369726
r3547	2	8000	1000	0.672108	0.01310835	0.526098
r3547	2	8000	1000	0.672448	0.01306058	0.526101
r3547	2	8000	1000	0.672840	0.01307739	0.526456
r3547	2	8000	1000	0.673044	0.01304013	0.527928
r3547	2	8000	1000	0.671789	0.01307319	0.525350
r3547	2	15625	1000	2.220170	0.03825109	0.641026
r3547	2	15625	1000	2.179951	0.03780716	0.639388
r3547	2	15625	1000	2.166108	0.03766334	0.635652
r3547	2	27000	1000	5.301447	0.08324040	0.677275
r3547	2	27000	1000	5.290555	0.08355558	0.676566
r3547	2	64000	1000	19.507503	0.29672776	0.745527
r3547	2	125000	1000	65.680619	0.77009694	0.800420
r3547	2	216000	1000	162.152423	1.70605957	0.839786
r3547	4	1000	1000	0.028907	0.00057967	0.488645
r3547	4	1000	1000	0.028296	0.00057590	0.488645
r3547	4	1000	1000	0.027688	0.00055164	0.490265
r3547	4	1000	1000	0.027682	0.00055120	0.492154
r3547	4	1000	1000	0.028644	0.00056286	0.491762
r3547	4	8000	1000	0.672761	0.01029891	0.665995
r3547	4	8000	1000	0.704392	0.01045372	0.662908
r3547	4	8000	1000	0.673354	0.01021752	0.668029
r3547	4	8000	1000	0.677306	0.01028151	0.666674
r3547	4	8000	1000	0.671932	0.01017596	0.668017
r3547	4	15625	1000	2.153676	0.03145136	0.752574
r3547	4	15625	1000	2.160918	0.03071826	0.749895
r3547	4	15625	1000	2.153816	0.03106532	0.753086
r3547	4	27000	1000	5.256537	0.06936467	0.786342
r3547	4	27000	1000	5.258085	0.06934105	0.785511
r3547	4	64000	1000	19.513268	0.25840819	0.839763
r3547	4	125000	1000	66.018277	0.70299194	0.875442
r3547	4	216000	1000	163.030061	1.57396020	0.902383
r3547	6	1000	1000	0.029065	0.00050230	0.547929
r3547	6	1000	1000	0.031426	0.00050504	0.547951
r3547	6	1000	1000	0.036681	0.00050989	0.545416
r3547	6	1000	1000	0.031888	0.00051234	0.543616
r3547	6	1000	1000	0.031290	0.00050616	0.544117
r3547	6	8000	1000	0.664330	0.00951765	0.726232
r3547	6	8000	1000	0.669289	0.00950704	0.725586
r3547	6	8000	1000	0.666220	0.00954428	0.723158
r3547	6	8000	1000	0.677832	0.00975878	0.713445
r3547	6	8000	1000	0.669918	0.00972738	0.719283
r3547	6	15625	1000	2.184663	0.02993069	0.792470
r3547	6	15625	1000	2.172526	0.03008276	0.800607
r3547	6	15625	1000	2.151195	0.02966321	0.799220
r3547	6	27000	1000	5.288825	0.06693843	0.830482
r3547	6	27000	1000	5.270128	0.06668814	0.829647
r3547	6	64000	1000	19.691413	0.25021337	0.873901
r3547	6	125000	1000	66.045772	0.68762184	0.901983
r3547	6	216000	1000	162.285484	1.57345107	0.922709
r3552	1	1000	1000	0.028312	0.00114432	0.256182
r3552	1	1000	1000	0.027920	0.00114424	0.256937
r3552	1	1000	1000	0.028103	0.00114988	0.255928
r3552	1	1000	1000	0.027607	0.00114381	0.256935
r3552	1	1000	1000	0.027582	0.00114355	0.256541
r3552	1	8000	1000	0.693471	0.01875301	0.390035
r3552	1	8000	1000	0.686320	0.01864512	0.389954
r3552	1	8000	1000	0.682247	0.01859584	0.389914
r3552	1	8000	1000	0.679187	0.01909974	0.389313
r3552	1	8000	1000	0.678506	0.01904517	0.390154
r3552	1	15625	1000	2.184635	0.04803789	0.453315
r3552	1	15625	1000	2.185843	0.04791177	0.453628
r3552	1	15625	1000	2.189062	0.04764459	0.454236
r3552	1	27000	1000	5.373809	0.10299029	0.509153
r3552	1	27000	1000	5.297613	0.10254873	0.510618
r3552	1	64000	1000	19.479896	0.35708640	0.600860
r3552	1	125000	1000	67.505152	0.86863563	0.674528
r3552	1	216000	1000	160.816895	1.89368116	0.726222
r3552	2	1000	1000	0.026681	0.00067314	0.287042
r3552	2	1000	1000	0.026825	0.00067125	0.290472
r3552	2	1000	1000	0.026657	0.00067764	0.286192
r3552	2	1000	1000	0.027561	0.00067341	0.288466
r3552	2	1000	1000	0.028004	0.00069294	0.291936
r3552	2	8000	1000	0.669671	0.01067188	0.421190
r3552	2	8000	1000	0.670020	0.01073089	0.419524
r3552	2	8000	1000	0.673188	0.01076411	0.422458
r3552	2	8000	1000	0.673633	0.01067867	0.421615
r3552	2	8000	1000	0.676475	0.01069363	0.423121
r3552	2	15625	1000	2.160292	0.02652147	0.487654
r3552	2	15625	1000	2.167762	0.02655225	0.487690
r3552	2	15625	1000	2.193652	0.02671912	0.489295
r3552	2	27000	1000	5.264245	0.05721550	0.543939
r3552	2	27000	1000	5.464301	0.05702039	0.543889
r3552	2	64000	1000	19.440801	0.19946221	0.622917
r3552	2	125000	1000	65.522670	0.50183434	0.689377
r3552	2	216000	1000	161.806089	1.06647345	0.739014
r3552	4	1000	1000	0.029562	0.00046352	0.345279
r3552	4	1000	1000	0.027728	0.00045271	0.349226
r3552	4	1000	1000	0.026376	0.00045734	0.346833
r3552	4	1000	1000	0.027926	0.00045888	0.348406
r3552	4	1000	1000	0.028426	0.00044956	0.347524
r3552	4	8000	1000	0.667140	0.00666424	0.472924
r3552	4	8000	1000	0.668040	0.00659460	0.471329
r3552	4	8000	1000	0.668760	0.00656707	0.469428
r3552	4	8000	1000	0.675256	0.00652326	0.470649
r3552	4	8000	1000	0.667155	0.00659910	0.472441
r3552	4	15625	1000	2.154055	0.01626639	0.520827
r3552	4	15625	1000	2.145727	0.01628160	0.522562
r3552	4	15625	1000	2.146704	0.01626091	0.520476
r3552	4	27000	1000	5.249305	0.03446883	0.575029
r3552	4	27000	1000	5.317325	0.03414937	0.570025
r3552	4	64000	1000	19.514084	0.11567246	0.654257
r3552	4	125000	1000	65.301667	0.29645549	0.713504
r3552	4	216000	1000	161.281015	0.62831978	0.753182
r3552	6	1000	1000	0.026743	0.00039200	0.394364
r3552	6	1000	1000	0.033300	0.00042058	0.388694
r3552	6	1000	1000	0.031968	0.00038312	0.395062
r3552	6	1000	1000	0.029494	0.00040667	0.395551
r3552	6	1000	1000	0.034320	0.00042186	0.393731
r3552	6	8000	1000	0.666032	0.00557574	0.495155
r3552	6	8000	1000	0.667264	0.00629219	0.498371
r3552	6	8000	1000	0.709662	0.00597779	0.497299
r3552	6	8000	1000	0.713822	0.00523894	0.498371
r3552	6	8000	1000	0.669404	0.00535392	0.498692
r3552	6	15625	1000	2.156580	0.01295114	0.550535
r3552	6	15625	1000	2.144340	0.01294957	0.547432
r3552	6	15625	1000	2.181111	0.01303442	0.550032
r3552	6	27000	1000	5.258254	0.02639538	0.589870
r3552	6	27000	1000	5.259602	0.02675896	0.590715
r3552	6	64000	1000	19.277823	0.09328126	0.665803
r3552	6	125000	1000	65.230947	0.22530883	0.722874
r3552	6	216000	1000	161.484977	0.47048556	0.757532
