#tag	cores	nPar	nSteps	t1	t	colliderRel
orig	6	1000	1000	0.014824	0.00047514	0.504125
orig	6	1000	1000	0.016755	0.00052072	0.506132
orig	6	1000	1000	0.020801	0.00054790	0.475259
orig	6	1000	1000	0.016398	0.00050656	0.508124
orig	6	1000	1000	0.013712	0.00047792	0.501423
orig	6	8000	1000	0.174677	0.00858607	0.695180
orig	6	8000	1000	0.177077	0.00862801	0.693739
orig	6	8000	1000	0.175217	0.00857099	0.696107
orig	6	8000	1000	0.177108	0.00864574	0.697662
orig	6	8000	1000	0.184301	0.00864302	0.695462
orig	6	15625	1000	0.446495	0.02289088	0.756370
orig	6	15625	1000	0.447578	0.02284080	0.755296
orig	6	15625	1000	0.460780	0.02249645	0.755332
orig	6	27000	1000	0.979661	0.05043033	0.795888
orig	6	27000	1000	0.995835	0.05042806	0.793079
orig	6	64000	1000	3.653557	0.18494859	0.848965
orig	6	125000	1000	10.335745	0.49150118	0.873609
onlyMinMax	6	1000	1000	0.017858	0.00038959	0.382004
onlyMinMax	6	1000	1000	0.015019	0.00040865	0.395898
onlyMinMax	6	1000	1000	0.017170	0.00039821	0.377674
onlyMinMax	6	1000	1000	0.019268	0.00044395	0.360391
onlyMinMax	6	1000	1000	0.020006	0.00040644	0.367907
onlyMinMax	6	8000	1000	0.173530	0.00599980	0.554929
onlyMinMax	6	8000	1000	0.172301	0.00592405	0.554809
onlyMinMax	6	8000	1000	0.184668	0.00590768	0.553834
onlyMinMax	6	8000	1000	0.171168	0.00586006	0.555816
onlyMinMax	6	8000	1000	0.171883	0.00603951	0.559758
onlyMinMax	6	15625	1000	0.441475	0.01441186	0.609362
onlyMinMax	6	15625	1000	0.438876	0.01441804	0.611631
onlyMinMax	6	15625	1000	0.436453	0.01442183	0.612997
onlyMinMax	6	27000	1000	0.955045	0.03200450	0.666698
onlyMinMax	6	27000	1000	0.957901	0.03116287	0.658592
onlyMinMax	6	64000	1000	3.560061	0.10183975	0.707603
onlyMinMax	6	125000	1000	10.081448	0.23844239	0.730348
separate	6	1000	1000	0.015639	0.00034451	0.393447
separate	6	1000	1000	0.014660	0.00034521	0.402059
separate	6	1000	1000	0.016966	0.00039877	0.390917
separate	6	1000	1000	0.017417	0.00039111	0.381923
separate	6	1000	1000	0.013596	0.00042261	0.351462
separate	6	8000	1000	0.171049	0.00572348	0.565029
separate	6	8000	1000	0.174011	0.00570225	0.560463
separate	6	8000	1000	0.179756	0.00586551	0.558385
separate	6	8000	1000	0.187595	0.00569970	0.563541
separate	6	8000	1000	0.176504	0.00560114	0.564710
separate	6	15625	1000	0.467413	0.01439400	0.614144
separate	6	15625	1000	0.439022	0.01400781	0.613214
separate	6	15625	1000	0.439315	0.01407377	0.614519
separate	6	27000	1000	0.968943	0.03096608	0.661295
separate	6	27000	1000	0.961026	0.03017553	0.654456
separate	6	64000	1000	3.600418	0.10025903	0.710634
separate	6	125000	1000	10.250812	0.23288131	0.734833
later	6	1000	1000	0.014474	0.00035975	0.388947
later	6	1000	1000	0.013868	0.00036453	0.387877
later	6	1000	1000	0.013294	0.00035759	0.388425
later	6	1000	1000	0.013752	0.00034475	0.395669
later	6	1000	1000	0.016376	0.00036199	0.389499
later	6	8000	1000	0.143508	0.00601102	0.561501
later	6	8000	1000	0.141096	0.00598400	0.562624
later	6	8000	1000	0.140102	0.00566833	0.566808
later	6	8000	1000	0.145404	0.00564044	0.570935
later	6	8000	1000	0.144496	0.00553793	0.573860
later	6	15625	1000	0.352906	0.01418629	0.616272
later	6	15625	1000	0.353546	0.01402087	0.617792
later	6	15625	1000	0.357001	0.01410943	0.616413
later	6	27000	1000	0.747862	0.02962667	0.659321
later	6	27000	1000	0.743538	0.03001616	0.656815
later	6	64000	1000	2.695978	0.09640790	0.717800
later	6	125000	1000	7.702650	0.22849732	0.739813
pendingVector	6	1000	1000	0.013808	0.00034977	0.392753
pendingVector	6	1000	1000	0.014938	0.00034881	0.387836
pendingVector	6	1000	1000	0.016356	0.00034698	0.388117
pendingVector	6	1000	1000	0.014497	0.00035086	0.382534
pendingVector	6	1000	1000	0.016238	0.00035155	0.387859
pendingVector	6	8000	1000	0.144727	0.00550651	0.564213
pendingVector	6	8000	1000	0.143363	0.00549174	0.564816
pendingVector	6	8000	1000	0.144883	0.00552768	0.565970
pendingVector	6	8000	1000	0.143628	0.00547223	0.566033
pendingVector	6	8000	1000	0.147778	0.00550714	0.568966
pendingVector	6	15625	1000	0.352628	0.01370562	0.615378
pendingVector	6	15625	1000	0.353068	0.01374705	0.614565
pendingVector	6	15625	1000	0.352100	0.01369608	0.616644
pendingVector	6	27000	1000	0.761639	0.02974169	0.661443
pendingVector	6	27000	1000	0.798613	0.03044103	0.668524
pendingVector	6	64000	1000	2.653693	0.09733540	0.717966
pendingVector	6	125000	1000	7.670185	0.22138355	0.735694
iniParallel	6	1000	1000	0.013819	0.00034169	0.392344
iniParallel	6	1000	1000	0.014405	0.00034954	0.399202
iniParallel	6	1000	1000	0.012080	0.00034987	0.387728
iniParallel	6	1000	1000	0.019052	0.00034694	0.395110
iniParallel	6	1000	1000	0.013679	0.00035191	0.387964
iniParallel	6	8000	1000	0.147913	0.00557574	0.566690
iniParallel	6	8000	1000	0.144917	0.00552344	0.567301
iniParallel	6	8000	1000	0.151092	0.00557233	0.562363
iniParallel	6	8000	1000	0.144881	0.00561477	0.569192
iniParallel	6	8000	1000	0.142918	0.00563845	0.566179
iniParallel	6	15625	1000	0.353139	0.01400763	0.611035
iniParallel	6	15625	1000	0.351736	0.01391424	0.610394
iniParallel	6	15625	1000	0.347446	0.01372660	0.616421
iniParallel	6	27000	1000	0.758839	0.02986137	0.655369
iniParallel	6	27000	1000	0.757258	0.03039083	0.666950
iniParallel	6	64000	1000	2.664831	0.10018245	0.723978
iniParallel	6	125000	1000	7.662866	0.22861559	0.738205
noInvFast	6	1000	1000	0.012660	0.00033447	0.368265
noInvFast	6	1000	1000	0.013205	0.00034668	0.379649
noInvFast	6	1000	1000	0.015164	0.00033387	0.371385
noInvFast	6	1000	1000	0.014019	0.00034328	0.364944
noInvFast	6	1000	1000	0.014071	0.00034735	0.368006
noInvFast	6	8000	1000	0.145236	0.00552258	0.568055
noInvFast	6	8000	1000	0.143856	0.00557229	0.565128
noInvFast	6	8000	1000	0.142634	0.00553454	0.563747
noInvFast	6	8000	1000	0.152428	0.00553865	0.566234
noInvFast	6	8000	1000	0.158754	0.00555219	0.560451
noInvFast	6	15625	1000	0.370655	0.01363388	0.613638
noInvFast	6	15625	1000	0.354834	0.01389868	0.607068
noInvFast	6	15625	1000	0.365061	0.01369755	0.613975
noInvFast	6	27000	1000	0.757037	0.03000301	0.667106
noInvFast	6	27000	1000	0.759941	0.02936911	0.660115
noInvFast	6	64000	1000	2.680949	0.09632794	0.719494
noInvFast	6	125000	1000	7.622591	0.22090049	0.736594
par1	6	1000	1000	0.013251	0.00034442	0.358286
par1	6	1000	1000	0.014023	0.00034688	0.358269
par1	6	1000	1000	0.015078	0.00034116	0.364847
par1	6	1000	1000	0.012992	0.00034033	0.358738
par1	6	1000	1000	0.011604	0.00033816	0.364819
par1	6	8000	1000	0.140784	0.00447379	0.444550
par1	6	8000	1000	0.145076	0.00445302	0.447729
par1	6	8000	1000	0.143004	0.00447918	0.445648
par1	6	8000	1000	0.143173	0.00447208	0.446742
par1	6	8000	1000	0.150623	0.00445978	0.445947
par1	6	15625	1000	0.359763	0.01094416	0.484055
par1	6	15625	1000	0.348999	0.01090821	0.482775
par1	6	15625	1000	0.353934	0.01090860	0.481780
par1	6	27000	1000	0.766153	0.02213462	0.529587
par1	6	27000	1000	0.755362	0.02171934	0.520695
par1	6	64000	1000	2.664579	0.06349628	0.560965
par1	6	125000	1000	7.672855	0.13581609	0.560434
par2_threadSafe	6	1000	1000	0.014639	0.00033871	0.360713
par2_threadSafe	6	1000	1000	0.016006	0.00034376	0.364306
par2_threadSafe	6	1000	1000	0.014726	0.00043807	0.360370
par2_threadSafe	6	1000	1000	0.045837	0.00042598	0.337734
par2_threadSafe	6	1000	1000	0.014194	0.00034678	0.357080
par2_threadSafe	6	8000	1000	0.142611	0.00476347	0.442625
par2_threadSafe	6	8000	1000	0.161096	0.00496354	0.434867
par2_threadSafe	6	8000	1000	0.147069	0.00480160	0.440812
par2_threadSafe	6	8000	1000	0.148883	0.00485299	0.435353
par2_threadSafe	6	8000	1000	0.140733	0.00490999	0.432920
par2_threadSafe	6	15625	1000	0.356315	0.01167583	0.466854
par2_threadSafe	6	15625	1000	0.366790	0.01135141	0.481354
par2_threadSafe	6	15625	1000	0.352292	0.01150777	0.465022
par2_threadSafe	6	64000	1000	2.776088	0.06376504	0.555228
par2_threadSafe	6	125000	1000	7.698992	0.13681861	0.561231
par3_oneMutex	6	1000	1000	0.013123	0.00041854	0.340148
par3_oneMutex	6	1000	1000	0.022233	0.00041787	0.335571
par3_oneMutex	6	1000	1000	0.013085	0.00043769	0.326196
par3_oneMutex	6	1000	1000	0.016330	0.00040081	0.348681
par3_oneMutex	6	1000	1000	0.012799	0.00039098	0.342416
par3_oneMutex	6	8000	1000	0.145277	0.00537994	0.425575
par3_oneMutex	6	8000	1000	0.149551	0.00477900	0.425288
par3_oneMutex	6	8000	1000	0.139354	0.00456318	0.441010
par3_oneMutex	6	8000	1000	0.143305	0.00454816	0.440068
par3_oneMutex	6	8000	1000	0.145136	0.00454449	0.442203
par3_oneMutex	6	15625	1000	0.347136	0.01105333	0.481872
par3_oneMutex	6	15625	1000	0.338423	0.01087350	0.478119
par3_oneMutex	6	15625	1000	0.344602	0.01080460	0.478493
par3_oneMutex	6	64000	1000	2.617943	0.06356437	0.560716
par3_oneMutex	6	125000	1000	7.477593	0.13721134	0.563437
par4_shortCircuit	6	1000	1000	0.017887	0.00036807	0.358103
par4_shortCircuit	6	1000	1000	0.013810	0.00036327	0.363083
par4_shortCircuit	6	1000	1000	0.017956	0.00037184	0.357479
par4_shortCircuit	6	1000	1000	0.012215	0.00036821	0.352081
par4_shortCircuit	6	1000	1000	0.015450	0.00037501	0.347296
par4_shortCircuit	6	8000	1000	0.145350	0.00453550	0.443494
par4_shortCircuit	6	8000	1000	0.144098	0.00448514	0.442047
par4_shortCircuit	6	8000	1000	0.145648	0.00452927	0.442690
par4_shortCircuit	6	8000	1000	0.139850	0.00457759	0.440092
par4_shortCircuit	6	8000	1000	0.145148	0.00460859	0.439694
par4_shortCircuit	6	15625	1000	0.342503	0.01082487	0.474006
par4_shortCircuit	6	15625	1000	0.339068	0.01093011	0.479673
par4_shortCircuit	6	15625	1000	0.341301	0.01080054	0.472896
par4_shortCircuit	6	27000	1000	0.743827	0.02180944	0.515772
par4_shortCircuit	6	27000	1000	0.740236	0.02240873	0.526504
par4_shortCircuit	6	64000	1000	2.680793	0.06694884	0.550103
par4_shortCircuit	6	125000	1000	7.470136	0.13796623	0.554457
parBounds	6	1000	1000	0.052869	0.00039699	0.278124
parBounds	6	1000	1000	0.016852	0.00036281	0.305008
parBounds	6	1000	1000	0.017073	0.00035165	0.296371
parBounds	6	1000	1000	0.015196	0.00033580	0.301141
parBounds	6	1000	1000	0.018273	0.00035556	0.298209
parBounds	6	8000	1000	0.149024	0.00420907	0.351466
parBounds	6	8000	1000	0.145734	0.00401731	0.356862
parBounds	6	8000	1000	0.140421	0.00394344	0.357728
parBounds	6	8000	1000	0.164034	0.00399370	0.359958
parBounds	6	8000	1000	0.146658	0.00403391	0.355866
parBounds	6	15625	1000	0.363113	0.00951231	0.391018
parBounds	6	15625	1000	0.376412	0.00952094	0.396601
parBounds	6	15625	1000	0.358136	0.00940104	0.391633
parBounds	6	27000	1000	0.778978	0.01855734	0.427316
parBounds	6	27000	1000	0.779433	0.01874697	0.429313
parBounds	6	64000	1000	2.781964	0.05311546	0.479124
parBounds	6	125000	1000	7.944161	0.11607699	0.491988
gcc49	6	1000	1000	0.023147	0.00032449	0.298194
gcc49	6	1000	1000	0.017888	0.00033552	0.291287
gcc49	6	1000	1000	0.020854	0.00036137	0.309033
gcc49	6	1000	1000	0.017645	0.00034372	0.294683
gcc49	6	1000	1000	0.014021	0.00034546	0.299498
gcc49	6	8000	1000	0.141708	0.00407673	0.350845
gcc49	6	8000	1000	0.141197	0.00404587	0.350075
gcc49	6	8000	1000	0.160364	0.00403724	0.346688
gcc49	6	8000	1000	0.142294	0.00406193	0.346180
gcc49	6	8000	1000	0.145898	0.00404918	0.349563
gcc49	6	15625	1000	0.340453	0.00983813	0.376494
gcc49	6	15625	1000	0.354321	0.00979264	0.380716
gcc49	6	15625	1000	0.342361	0.00973090	0.380354
gcc49	6	27000	1000	0.731391	0.01929364	0.396346
gcc49	6	27000	1000	0.731081	0.01927732	0.400753
gcc49	6	64000	1000	2.579613	0.05664140	0.451925
gcc49	6	125000	1000	7.287172	0.12461998	0.462185
ompTuneSort2_10k_100k	6	1000	1000	0.011450	0.00032844	0.326591
ompTuneSort2_10k_100k	6	1000	1000	0.014371	0.00031996	0.325389
ompTuneSort2_10k_100k	6	1000	1000	0.013767	0.00030401	0.333588
ompTuneSort2_10k_100k	6	1000	1000	0.013816	0.00030557	0.325921
ompTuneSort2_10k_100k	6	1000	1000	0.015271	0.00030996	0.330214
ompTuneSort2_10k_100k	6	8000	1000	0.140178	0.00393441	0.364613
ompTuneSort2_10k_100k	6	8000	1000	0.140588	0.00389756	0.369640
ompTuneSort2_10k_100k	6	8000	1000	0.139772	0.00401103	0.364945
ompTuneSort2_10k_100k	6	8000	1000	0.137479	0.00398189	0.365064
ompTuneSort2_10k_100k	6	8000	1000	0.145104	0.00390699	0.367545
ompTuneSort2_10k_100k	6	15625	1000	0.344851	0.00952878	0.400414
ompTuneSort2_10k_100k	6	15625	1000	0.359836	0.00950978	0.394270
ompTuneSort2_10k_100k	6	15625	1000	0.344784	0.00933962	0.394510
ompTuneSort2_10k_100k	6	27000	1000	0.748538	0.01849686	0.423634
ompTuneSort2_10k_100k	6	27000	1000	0.746428	0.01922987	0.419850
ompTuneSort2_10k_100k	6	64000	1000	2.686327	0.05430708	0.483650
ompTuneSort2_10k_100k	6	125000	1000	7.620113	0.11533482	0.492216
ompTuneSort2_10k_100k	6	1000	1000	0.014846	0.00031370	0.326901
ompTuneSort2_10k_100k	6	1000	1000	0.015846	0.00031329	0.327861
ompTuneSort2_10k_100k	6	1000	1000	0.030634	0.00031145	0.338884
ompTuneSort2_10k_100k	6	1000	1000	0.014003	0.00033726	0.311131
ompTuneSort2_10k_100k	6	1000	1000	0.013697	0.00034002	0.328941
ompTuneSort2_10k_100k	6	8000	1000	0.151736	0.00387898	0.366337
ompTuneSort2_10k_100k	6	8000	1000	0.145308	0.00393005	0.367486
ompTuneSort2_10k_100k	6	8000	1000	0.148062	0.00395524	0.365215
ompTuneSort2_10k_100k	6	8000	1000	0.146787	0.00398710	0.364261
ompTuneSort2_10k_100k	6	8000	1000	0.144827	0.00396596	0.365745
ompTuneSort2_10k_100k	6	15625	1000	0.361756	0.00943076	0.392848
ompTuneSort2_10k_100k	6	1000	1000	0.014470	0.00035842	0.316809
ompTuneSort2_10k_100k	6	1000	1000	0.015293	0.00033131	0.325892
ompTuneSort2_10k_100k	6	1000	1000	0.011813	0.00031119	0.326510
ompTuneSort2_10k_100k	6	1000	1000	0.016464	0.00031995	0.326052
ompTuneSort2_10k_100k	6	1000	1000	0.014785	0.00031629	0.324273
ompTuneSort2_10k_100k	6	8000	1000	0.146955	0.00394388	0.366341
ompTuneSort2_10k_100k	6	8000	1000	0.144054	0.00390360	0.366724
ompTuneSort2_10k_100k	6	8000	1000	0.141948	0.00392264	0.369974
ompTuneSort2_10k_100k	6	8000	1000	0.139621	0.00386754	0.370271
ompTuneSort2_10k_100k	6	8000	1000	0.150821	0.00388741	0.365979
ompTuneSort2_10k_100k	6	15625	1000	0.352969	0.00945381	0.396735
ompTuneSort2_10k_100k	6	15625	1000	0.355602	0.00948274	0.393268
ompTuneSort2_10k_100k	6	15625	1000	0.349139	0.00941786	0.397252
ompTuneSort2_10k_100k	6	27000	1000	0.770039	0.01868682	0.428816
ompTuneSort2_10k_100k	6	27000	1000	0.776411	0.01846766	0.421588
ompTuneSort2_10k_100k	6	64000	1000	2.750272	0.05465424	0.484635
ompTuneSort2_10k_100k	6	125000	1000	7.874921	0.11896941	0.489446
ompTuneSort1_10k_100k	6	1000	1000	0.015800	0.00033996	0.324516
ompTuneSort1_10k_100k	6	1000	1000	0.011824	0.00033277	0.328385
ompTuneSort1_10k_100k	6	1000	1000	0.019481	0.00032881	0.321382
ompTuneSort1_10k_100k	6	1000	1000	0.014781	0.00031495	0.322754
ompTuneSort1_10k_100k	6	1000	1000	0.013381	0.00031404	0.332756
ompTuneSort1_10k_100k	6	8000	1000	0.147496	0.00392285	0.357659
ompTuneSort1_10k_100k	6	8000	1000	0.141498	0.00393685	0.364111
ompTuneSort1_10k_100k	6	8000	1000	0.141805	0.00392554	0.358068
ompTuneSort1_10k_100k	6	8000	1000	0.143285	0.00393733	0.361706
ompTuneSort1_10k_100k	6	8000	1000	0.144191	0.00391724	0.360305
ompTuneSort1_10k_100k	6	15625	1000	0.354423	0.00939467	0.394128
ompTuneSort1_10k_100k	6	15625	1000	0.355161	0.00935451	0.394238
ompTuneSort1_10k_100k	6	15625	1000	0.354714	0.00936612	0.394242
ompTuneSort1_10k_100k	6	27000	1000	0.777484	0.01853490	0.423523
ompTuneSort1_10k_100k	6	27000	1000	0.771964	0.01866663	0.427594
ompTuneSort1_10k_100k	6	64000	1000	2.761246	0.05382872	0.479784
ompTuneSort1_10k_100k	6	125000	1000	7.922193	0.12481458	0.517000
ompTuneSort1_10k_0	6	1000	1000	0.011715	0.00031455	0.326757
ompTuneSort1_10k_0	6	1000	1000	0.018862	0.00031417	0.330738
ompTuneSort1_10k_0	6	1000	1000	0.015373	0.00031518	0.328626
ompTuneSort1_10k_0	6	1000	1000	0.021505	0.00031869	0.339479
ompTuneSort1_10k_0	6	1000	1000	0.015040	0.00030836	0.331293
ompTuneSort1_10k_0	6	8000	1000	0.140829	0.00392454	0.361487
ompTuneSort1_10k_0	6	8000	1000	0.144063	0.00387541	0.360477
ompTuneSort1_10k_0	6	8000	1000	0.140613	0.00392030	0.357911
ompTuneSort1_10k_0	6	8000	1000	0.141323	0.00392600	0.360457
ompTuneSort1_10k_0	6	8000	1000	0.140111	0.00386493	0.363068
ompTuneSort1_10k_0	6	15625	1000	0.353245	0.00941090	0.393351
ompTuneSort1_10k_0	6	15625	1000	0.347626	0.00930590	0.395016
ompTuneSort1_10k_0	6	15625	1000	0.351046	0.00928610	0.392890
ompTuneSort1_10k_0	6	27000	1000	0.802684	0.01856793	0.427024
ompTuneSort1_10k_0	6	27000	1000	0.800536	0.01865251	0.430080
ompTuneSort1_10k_0	6	64000	1000	2.762929	0.05463715	0.482488
ompTuneSort1_10k_0	6	125000	1000	7.966158	0.12105556	0.486455
ompTuneSort1_1k_5k	6	1000	1000	0.013632	0.00031705	0.329113
ompTuneSort1_1k_5k	6	1000	1000	0.012266	0.00031635	0.328833
ompTuneSort1_1k_5k	6	1000	1000	0.015633	0.00034530	0.314464
ompTuneSort1_1k_5k	6	1000	1000	0.019806	0.00031504	0.325503
ompTuneSort1_1k_5k	6	1000	1000	0.015259	0.00032654	0.323792
ompTuneSort1_1k_5k	6	8000	1000	0.145289	0.00403964	0.357847
ompTuneSort1_1k_5k	6	8000	1000	0.144588	0.00401314	0.360730
ompTuneSort1_1k_5k	6	8000	1000	0.142562	0.00395713	0.358883
ompTuneSort1_1k_5k	6	8000	1000	0.143643	0.00398517	0.358171
ompTuneSort1_1k_5k	6	8000	1000	0.151339	0.00398067	0.353692
ompTuneSort1_1k_5k	6	15625	1000	0.365024	0.00943245	0.393133
ompTuneSort1_1k_5k	6	15625	1000	0.350616	0.00939844	0.395058
ompTuneSort1_1k_5k	6	15625	1000	0.352320	0.00943125	0.394869
ompTuneSort1_1k_5k	6	27000	1000	0.796144	0.02153426	0.401127
ompTuneSort1_1k_5k	6	125000	1000	8.000732	0.12244630	0.507060
ompTuneSort1_1k_5k	6	64000	1000	2.754589	0.05410184	0.481684
ompTuneSort1_1k_5k	6	125000	1000	8.213304	0.11929192	0.496267
r3519	1	1000	1000	0.012188	0.00094620	0.126935
r3519	1	1000	1000	0.012231	0.00095866	0.127049
r3519	1	1000	1000	0.012629	0.00094948	0.126914
r3519	1	1000	1000	0.012157	0.00095203	0.126534
r3519	1	1000	1000	0.012179	0.00094816	0.126756
r3519	1	8000	1000	0.178841	0.01483434	0.214391
r3519	1	8000	1000	0.179645	0.01476253	0.213556
r3519	1	8000	1000	0.179839	0.01474146	0.213699
r3519	1	8000	1000	0.180019	0.01474710	0.213799
r3519	1	8000	1000	0.179904	0.01475144	0.213485
r3519	1	15625	1000	0.455683	0.03481783	0.253835
r3519	1	15625	1000	0.456021	0.03485655	0.254047
r3519	1	15625	1000	0.520135	0.03508759	0.252886
r3519	1	27000	1000	1.004060	0.07148150	0.290057
r3519	1	27000	1000	1.041938	0.07100382	0.287235
r3519	1	64000	1000	3.544847	0.20394879	0.328457
r3519	1	125000	1000	9.892112	0.46126911	0.355461
r3519	1	216000	1000	23.424359	0.85459403	0.383092
r3519	2	1000	1000	0.011338	0.00060355	0.212035
r3519	2	1000	1000	0.011316	0.00060051	0.211610
r3519	2	1000	1000	0.011350	0.00059757	0.214460
r3519	2	1000	1000	0.011581	0.00059816	0.213092
r3519	2	1000	1000	0.011627	0.00059845	0.211678
r3519	2	8000	1000	0.169713	0.00947204	0.331757
r3519	2	8000	1000	0.169710	0.00950376	0.332215
r3519	2	8000	1000	0.170413	0.00941396	0.331501
r3519	2	8000	1000	0.177446	0.00949267	0.330149
r3519	2	8000	1000	0.170351	0.00943028	0.331101
r3519	2	15625	1000	0.454911	0.02232583	0.379572
r3519	2	15625	1000	0.439346	0.02228829	0.378369
r3519	2	15625	1000	0.455287	0.02245231	0.381674
r3519	2	27000	1000	0.941081	0.04676007	0.426166
r3519	2	27000	1000	0.943254	0.04563189	0.414326
r3519	2	64000	1000	3.493668	0.14322309	0.473902
r3519	2	125000	1000	9.730660	0.32239464	0.504154
r3519	2	216000	1000	23.141850	0.61557356	0.534519
r3519	4	1000	1000	0.014504	0.00041491	0.314833
r3519	4	1000	1000	0.014758	0.00040688	0.320955
r3519	4	1000	1000	0.014056	0.00039946	0.317531
r3519	4	1000	1000	0.010924	0.00040987	0.312434
r3519	4	1000	1000	0.013607	0.00039963	0.319559
r3519	4	8000	1000	0.170394	0.00661258	0.471579
r3519	4	8000	1000	0.166793	0.00662417	0.476209
r3519	4	8000	1000	0.184101	0.00660752	0.474866
r3519	4	8000	1000	0.172205	0.00659220	0.471963
r3519	4	8000	1000	0.167768	0.00656652	0.473012
r3519	4	15625	1000	0.433565	0.01639898	0.520977
r3519	4	15625	1000	0.430956	0.01634943	0.519484
r3519	4	15625	1000	0.431004	0.01648899	0.522714
r3519	4	27000	1000	0.930655	0.03581856	0.570526
r3519	4	27000	1000	0.932634	0.03597400	0.573344
r3519	4	64000	1000	3.432994	0.11368696	0.618523
r3519	4	125000	1000	9.675509	0.25288064	0.648669
r3519	4	216000	1000	23.103720	0.49162027	0.676731
r3519	6	1000	1000	0.012615	0.00034633	0.388094
r3519	6	1000	1000	0.014299	0.00034570	0.389521
r3519	6	1000	1000	0.015166	0.00035533	0.375153
r3519	6	1000	1000	0.016113	0.00034693	0.381842
r3519	6	1000	1000	0.016011	0.00035615	0.381554
r3519	6	8000	1000	0.172154	0.00574244	0.554057
r3519	6	8000	1000	0.170238	0.00571297	0.547244
r3519	6	8000	1000	0.171865	0.00573142	0.550672
r3519	6	8000	1000	0.173328	0.00567680	0.549372
r3519	6	8000	1000	0.169382	0.00567593	0.548950
r3519	6	15625	1000	0.437224	0.01439031	0.599782
r3519	6	15625	1000	0.429420	0.01446933	0.592490
r3519	6	15625	1000	0.432968	0.01426821	0.592996
r3519	6	27000	1000	1.017160	0.03110989	0.643599
r3519	6	27000	1000	0.959267	0.03144925	0.648682
r3519	6	64000	1000	3.445221	0.10018020	0.688209
r3519	6	125000	1000	9.993792	0.22959237	0.717795
r3519	6	216000	1000	23.024227	0.44870629	0.737259
r3530	1	1000	1000	0.011016	0.00094163	0.120828
r3530	1	1000	1000	0.010976	0.00094015	0.120893
r3530	1	1000	1000	0.010925	0.00094915	0.118383
r3530	1	1000	1000	0.010937	0.00094097	0.119422
r3530	1	1000	1000	0.010979	0.00094397	0.119185
r3530	1	8000	1000	0.148510	0.01430737	0.211347
r3530	1	8000	1000	0.148731	0.01431163	0.211182
r3530	1	8000	1000	0.148288	0.01426988	0.211481
r3530	1	8000	1000	0.150817	0.01461502	0.211279
r3530	1	8000	1000	0.149734	0.01447410	0.211037
r3530	1	15625	1000	0.366519	0.03368616	0.245491
r3530	1	15625	1000	0.365535	0.03377383	0.244672
r3530	1	15625	1000	0.365113	0.03368029	0.245503
r3530	1	27000	1000	0.750668	0.06769072	0.274732
r3530	1	27000	1000	0.752105	0.06802927	0.273778
r3530	1	64000	1000	2.630761	0.19722861	0.329037
r3530	1	125000	1000	7.614575	0.43625483	0.352012
r3530	1	216000	1000	16.880208	0.82797528	0.379337
r3530	2	1000	1000	0.009959	0.00055770	0.160548
r3530	2	1000	1000	0.009897	0.00055668	0.161059
r3530	2	1000	1000	0.009898	0.00056124	0.159276
r3530	2	1000	1000	0.009894	0.00055265	0.161444
r3530	2	1000	1000	0.010013	0.00056213	0.159218
r3530	2	8000	1000	0.140099	0.00815753	0.253044
r3530	2	8000	1000	0.140469	0.00814538	0.254448
r3530	2	8000	1000	0.140699	0.00818336	0.254906
r3530	2	8000	1000	0.142288	0.00821768	0.252339
r3530	2	8000	1000	0.140157	0.00817629	0.254467
r3530	2	15625	1000	0.341043	0.01919611	0.291829
r3530	2	15625	1000	0.341059	0.01909592	0.288785
r3530	2	15625	1000	0.342631	0.01897864	0.288707
r3530	2	27000	1000	0.735514	0.03834834	0.321561
r3530	2	27000	1000	0.721522	0.03855351	0.326046
r3530	2	64000	1000	2.657154	0.11465912	0.363772
r3530	2	125000	1000	7.182237	0.25270827	0.387598
r3530	2	216000	1000	17.013714	0.47857901	0.418607
r3530	4	1000	1000	0.012973	0.00036463	0.243402
r3530	4	1000	1000	0.012711	0.00037880	0.238741
r3530	4	1000	1000	0.012687	0.00037615	0.239311
r3530	4	1000	1000	0.012562	0.00037229	0.241484
r3530	4	1000	1000	0.009597	0.00036905	0.242811
r3530	4	8000	1000	0.138984	0.00500948	0.312085
r3530	4	8000	1000	0.136892	0.00503118	0.310812
r3530	4	8000	1000	0.137430	0.00502279	0.314575
r3530	4	8000	1000	0.139623	0.00503049	0.312110
r3530	4	8000	1000	0.139595	0.00505353	0.309716
r3530	4	15625	1000	0.334461	0.01196900	0.338535
r3530	4	15625	1000	0.335210	0.01189461	0.335410
r3530	4	15625	1000	0.337068	0.01187700	0.337517
r3530	4	27000	1000	0.728161	0.02396786	0.368335
r3530	4	27000	1000	0.718665	0.02375580	0.367607
r3530	4	64000	1000	2.803796	0.06935570	0.415006
r3530	4	125000	1000	7.482868	0.15347288	0.438416
r3530	4	216000	1000	17.047240	0.28359890	0.456252
r3530	6	1000	1000	0.014611	0.00031518	0.303566
r3530	6	1000	1000	0.014186	0.00032439	0.304375
r3530	6	1000	1000	0.012756	0.00031878	0.303066
r3530	6	1000	1000	0.012330	0.00032610	0.297971
r3530	6	1000	1000	0.013058	0.00032095	0.301920
r3530	6	8000	1000	0.138985	0.00393507	0.346763
r3530	6	8000	1000	0.140524	0.00395765	0.345977
r3530	6	8000	1000	0.141813	0.00393828	0.347293
r3530	6	8000	1000	0.140943	0.00391206	0.351193
r3530	6	8000	1000	0.139195	0.00393714	0.348094
r3530	6	15625	1000	0.335489	0.00948796	0.381776
r3530	6	15625	1000	0.336764	0.00946844	0.380592
r3530	6	15625	1000	0.340132	0.00948595	0.380146
r3530	6	27000	1000	0.722915	0.01869927	0.406510
r3530	6	27000	1000	0.720566	0.01871463	0.405908
r3530	6	64000	1000	2.544401	0.05430454	0.455461
r3530	6	125000	1000	7.186991	0.11810568	0.463527
r3530	6	216000	1000	16.647548	0.21787122	0.474433
r3515	1	1000	1000	0.012140	0.00103135	0.200452
r3515	1	1000	1000	0.012131	0.00105143	0.200449
r3515	1	1000	1000	0.012176	0.00105109	0.200196
r3515	1	1000	1000	0.012154	0.00105137	0.200599
r3515	1	1000	1000	0.012325	0.00105795	0.200666
r3515	1	8000	1000	0.179911	0.01759574	0.332401
r3515	1	8000	1000	0.180748	0.01783668	0.333779
r3515	1	8000	1000	0.180330	0.01788399	0.334075
r3515	1	8000	1000	0.185069	0.01786762	0.333518
r3515	1	8000	1000	0.181280	0.01798860	0.332101
r3515	1	15625	1000	0.467211	0.04378673	0.399113
r3515	1	15625	1000	0.467359	0.04387257	0.397236
r3515	1	15625	1000	0.469518	0.04374903	0.396744
r3515	1	27000	1000	0.979009	0.09240979	0.450417
r3515	1	27000	1000	1.025148	0.09200898	0.449738
r3515	1	64000	1000	3.553548	0.30424848	0.524946
r3515	1	125000	1000	9.960166	0.70816997	0.583959
r3515	1	216000	1000	23.634990	1.55461748	0.655987
r3515	2	1000	1000	0.011359	0.00068504	0.318114
r3515	2	1000	1000	0.011392	0.00069112	0.313968
r3515	2	1000	1000	0.011387	0.00068222	0.317882
r3515	2	1000	1000	0.011358	0.00068849	0.315325
r3515	2	1000	1000	0.011428	0.00068996	0.313908
r3515	2	8000	1000	0.171036	0.01214873	0.476947
r3515	2	8000	1000	0.176014	0.01217920	0.480243
r3515	2	8000	1000	0.171452	0.01213842	0.478331
r3515	2	8000	1000	0.170867	0.01205996	0.478423
r3515	2	8000	1000	0.171756	0.01219693	0.476795
r3515	2	15625	1000	0.440971	0.03027231	0.547946
r3515	2	15625	1000	0.483868	0.03091703	0.547457
r3515	2	15625	1000	0.438411	0.03042844	0.548297
r3515	2	27000	1000	1.003047	0.06563874	0.592483
r3515	2	27000	1000	0.950662	0.06826925	0.599087
r3515	2	64000	1000	3.502014	0.22978785	0.672373
r3515	2	125000	1000	10.125156	0.59360729	0.730133
r3515	2	216000	1000	23.332272	1.34943527	0.791092
r3515	4	1000	1000	0.013424	0.00049451	0.445880
r3515	4	1000	1000	0.012938	0.00050277	0.439343
r3515	4	1000	1000	0.012553	0.00049452	0.446315
r3515	4	1000	1000	0.012707	0.00050902	0.436526
r3515	4	1000	1000	0.012676	0.00049511	0.449548
r3515	4	8000	1000	0.169879	0.00930937	0.623296
r3515	4	8000	1000	0.169268	0.00929350	0.622083
r3515	4	8000	1000	0.169132	0.00932918	0.624685
r3515	4	8000	1000	0.168890	0.00929654	0.621860
r3515	4	8000	1000	0.170905	0.00927228	0.622850
r3515	4	15625	1000	0.433760	0.02481660	0.683770
r3515	4	15625	1000	0.440179	0.02476439	0.683626
r3515	4	15625	1000	0.447558	0.02481572	0.683496
r3515	4	27000	1000	0.937814	0.05758887	0.730789
r3515	4	27000	1000	0.941319	0.05722674	0.728670
r3515	4	64000	1000	3.469431	0.19660695	0.785746
r3515	4	125000	1000	9.706005	0.51483011	0.826565
r3515	4	216000	1000	23.179050	1.14091564	0.862466
r3515	6	1000	1000	0.016486	0.00047184	0.479539
r3515	6	1000	1000	0.017120	0.00047534	0.479339
r3515	6	1000	1000	0.016358	0.00048577	0.479242
r3515	6	1000	1000	0.018524	0.00048388	0.479462
r3515	6	1000	1000	0.018280	0.00048006	0.481378
r3515	6	8000	1000	0.178024	0.00884779	0.662389
r3515	6	8000	1000	0.175112	0.00884667	0.663645
r3515	6	8000	1000	0.171715	0.00891679	0.659034
r3515	6	8000	1000	0.175097	0.00881133	0.662605
r3515	6	8000	1000	0.173725	0.00876239	0.662996
r3515	6	15625	1000	0.431675	0.02370270	0.716167
r3515	6	15625	1000	0.443540	0.02400932	0.720108
r3515	6	15625	1000	0.429650	0.02454483	0.726818
r3515	6	27000	1000	0.934097	0.05402961	0.759581
r3515	6	27000	1000	0.936170	0.05447457	0.756740
r3515	6	64000	1000	3.486800	0.19523612	0.815133
r3515	6	125000	1000	9.753557	0.51406674	0.850839
r3515	6	216000	1000	23.193117	1.14030850	0.880763
iniConParallel	1	1000	1000	0.010784	0.00091681	0.127880
iniConParallel	1	1000	1000	0.011053	0.00092181	0.127478
iniConParallel	1	1000	1000	0.010822	0.00090503	0.128177
iniConParallel	1	1000	1000	0.010754	0.00089958	0.127403
iniConParallel	1	1000	1000	0.010747	0.00091831	0.127948
iniConParallel	1	8000	1000	0.151280	0.01392004	0.224475
iniConParallel	1	8000	1000	0.151023	0.01390831	0.224207
iniConParallel	1	8000	1000	0.150542	0.01391068	0.224951
iniConParallel	1	8000	1000	0.151015	0.01391663	0.223683
iniConParallel	1	8000	1000	0.150812	0.01387187	0.223708
iniConParallel	1	15625	1000	0.374198	0.03250386	0.263316
iniConParallel	1	15625	1000	0.374654	0.03240991	0.263039
iniConParallel	1	15625	1000	0.375379	0.03285093	0.261561
iniConParallel	1	27000	1000	0.781044	0.06474991	0.294661
iniConParallel	1	27000	1000	0.782063	0.06505958	0.293683
iniConParallel	1	64000	1000	2.765588	0.19149733	0.357244
iniConParallel	1	125000	1000	7.747652	0.41995741	0.379661
iniConParallel	1	216000	1000	18.179837	0.79017965	0.408624
iniConParallel	2	1000	1000	0.009839	0.00054643	0.166180
iniConParallel	2	1000	1000	0.009970	0.00053624	0.168311
iniConParallel	2	1000	1000	0.009994	0.00053649	0.166951
iniConParallel	2	1000	1000	0.009962	0.00053564	0.167985
iniConParallel	2	1000	1000	0.010039	0.00054083	0.167085
iniConParallel	2	8000	1000	0.142828	0.00783088	0.266725
iniConParallel	2	8000	1000	0.142654	0.00786886	0.267821
iniConParallel	2	8000	1000	0.142602	0.00789795	0.268793
iniConParallel	2	8000	1000	0.143370	0.00788908	0.267735
iniConParallel	2	8000	1000	0.143727	0.00786332	0.267417
iniConParallel	2	15625	1000	0.352154	0.01850627	0.304683
iniConParallel	2	15625	1000	0.351849	0.01870576	0.309861
iniConParallel	2	15625	1000	0.353019	0.01861715	0.303008
iniConParallel	2	27000	1000	0.752947	0.03736624	0.348359
iniConParallel	2	27000	1000	0.745963	0.03680095	0.336736
iniConParallel	2	64000	1000	2.721432	0.11326035	0.393699
iniConParallel	2	125000	1000	7.704514	0.24255632	0.418952
iniConParallel	2	216000	1000	18.006811	0.46100214	0.451850
iniConParallel	4	1000	1000	0.011168	0.00036804	0.248708
iniConParallel	4	1000	1000	0.014629	0.00036236	0.249275
iniConParallel	4	1000	1000	0.014432	0.00036088	0.249710
iniConParallel	4	1000	1000	0.013067	0.00036046	0.249634
iniConParallel	4	1000	1000	0.012091	0.00036752	0.250147
iniConParallel	4	8000	1000	0.142202	0.00489265	0.329123
iniConParallel	4	8000	1000	0.151031	0.00487496	0.326475
iniConParallel	4	8000	1000	0.141675	0.00485216	0.324118
iniConParallel	4	8000	1000	0.142981	0.00485782	0.323585
iniConParallel	4	8000	1000	0.141591	0.00491556	0.328331
iniConParallel	4	15625	1000	0.346320	0.01148661	0.356314
iniConParallel	4	15625	1000	0.347160	0.01147417	0.355061
iniConParallel	4	15625	1000	0.343345	0.01147414	0.353331
iniConParallel	4	27000	1000	0.742641	0.02313814	0.394833
iniConParallel	4	27000	1000	0.742655	0.02310198	0.390915
iniConParallel	4	64000	1000	2.702663	0.06657386	0.441818
iniConParallel	4	125000	1000	7.650300	0.14641906	0.469238
iniConParallel	4	216000	1000	18.155845	0.27311996	0.483903
iniConParallel	6	1000	1000	0.016725	0.00031372	0.310884
iniConParallel	6	1000	1000	0.013431	0.00031440	0.307293
iniConParallel	6	1000	1000	0.014318	0.00031857	0.309473
iniConParallel	6	1000	1000	0.016927	0.00032215	0.313547
iniConParallel	6	1000	1000	0.013706	0.00031605	0.313472
iniConParallel	6	8000	1000	0.140525	0.00382606	0.361499
iniConParallel	6	8000	1000	0.139816	0.00382707	0.358161
iniConParallel	6	8000	1000	0.143786	0.00384506	0.359554
iniConParallel	6	8000	1000	0.143260	0.00381407	0.360964
iniConParallel	6	8000	1000	0.143509	0.00383267	0.356329
iniConParallel	6	15625	1000	0.345210	0.00910834	0.391357
iniConParallel	6	15625	1000	0.348146	0.00922171	0.391907
iniConParallel	6	15625	1000	0.346213	0.00925406	0.397462
iniConParallel	6	27000	1000	0.747488	0.01818295	0.426498
iniConParallel	6	27000	1000	0.757401	0.01817056	0.427187
iniConParallel	6	64000	1000	2.661621	0.05168741	0.479986
iniConParallel	6	125000	1000	7.701539	0.11311053	0.494623
iniConParallel	6	216000	1000	18.009791	0.20687096	0.501641
